11,18,17,11,18,1,2,14,12,13,6,1,3
16,6,1,3,6,1,3,6,3
2,3,7,6,1
2,14,20
11,18,3,6,1,3,14,20,7,12,13
20,17,10,1
9,2,14
16,6,1,6,1,3,6,3,6
16,6,1,3,6,1,18,3
16,17,11,18,17,11,18,9,2,7,14,13,12,6,1,18,3
16,17,11,18
11,18,3,6,3
10,16,6
11,18,17
3,6,1,18,3,6,1,3,6
16,6,3,6,3
10,1,2,7,3
14,20,13,3,6,1,18,3
16,6,1,3,6,1,3,6,3
6
6,3,8
3,13
6,3,8,13,12,13,2
1,2,7,12,13,6,3
17,11,18,3,6
16,6,1
16,6,1,3,6,3,12
1,3,6,1,18
17,11,18,9,2
17,11,18,1
16,6,1,3,6,3
3,6,3,7,8,10
16,6,3,8
6,3
17,11,18,17,11,18,9,2,14,20,8,10
13,3,6,1,18,3
6,3,6,3
1,3,6
2,7,8,10
17,1,3,6,1,2,7,8,10,1,2,7,3,6
6,3
11,18,17,11,18,9,2,7,8,10,1
11,18,1
1,2,7,3,6
16,17
1,2,6,1,3,6,1,18,3,6
11,18
11,18,17,11,18,2,14,12,13,4
1,2,14,12,13,3,6
16,17,6,1,3,6,1
11,18,9,2
16,17,1,2,7,14,12,13,2,14,8,10
16,6,3,6,1,3
11,18,3,6,1,3
6,1,2,3,6
8,10
17,11,18,1,2,7,20,14,12
16,17,11,18
17,11,18,9,2,14
11,18,1,2,7,14,8,10
6,3,6,3,8
16,17,1,2,7,14,8,10
14,12,13,4
6,3,6,3,6
11,18,17
9,2,14,13,12,3
13,12,13,4
11,18,9
1,2,6,1,3,6,1,3,6,1,18,3
6,3,6,1,18,3,8
11,18,2
16,17,1,2,7,14,13,12,13,3,6
11,18,1
3,14,8
17,11,18,17,1,2,7,14,12,13,2
6,17,11,18,9,2,14,20,13
16,6,1,3,6,1,3,6,1,3,6,1,18,3
1,6,1,3,6,1,18,3
16,6,1,3
14,20,8,10
6,3,6,1,3,8,10
6,1,3,6,1,3,6
6,3,6,3
16,6,1,3,6
11,18,9,2,14,8,10
6,1,3,6,3,14,12,13
17,11,18,17,11,18,9,2,7,8,10
17,11
11,18,9,2,7,12,13,6,3,6
17,11,18,1
16,6,1,3,6,3,6,3,8,10
6,3,8,10
17,11,18,17,1,3
11,18,3
3,8
6,3,6,1,3,6,3
7,12,13
16,17,1
6
1,2,14,20,17,15,1,2,7,3,6
3,8,10
1,3,6,3
6,1,3,6
1,3,6,1,18,3,6,5,1,2,7,8,10
17,11,18,2,14,20,8,10,1,2,7,3,6,1,3,6
17,11,18,9,2,14,20,17,15,1,2,7,8,10
7,14,20,8,10
3,8
6,1,18,9,2,14,8,10,15
6,3,13
14,8,10
11,18,17,5,1,2,7
17,11,18,9,2,7,3,6
18,3,6,3,7,14
16,6,3,8
10,16,5,1,2,6,1,3,6,1,18,9,2,7,12,13,4
11,18,1,2,7,14,8,10
1,3,6,1,18,9,2,7,12,13
16,6,1,3,6
11,18,9,2,14,8,10
16,6,1,3,6,3
6,3,7,12
6,1,2,14,8,10,5,6,3
1,3,6,1,3,6,3
13,4
17,11,18,17,11,18,9,2,7,12,8,10,5
10,17
18,1,2,14,12,13,2,7,3,8
17,11,18,9,2,7,12
16,17,16,6,1,3,6,1,3,6
6,3
3,8,10
6,3,6,1,2,7,8,10
3
9,2,7,12,13,4
11,18,1,2,14,13,2,7,14,13,3,6
3,8
2,7,17,1,3,6,1,18,3
11,18
1,2,7,14,8,10
16,6
17,1,3
16,6,3,8
16,6,1,6,1,18,3,6,1,3
16,1,6,1,3,6,3,6,3
3,6
1,2,7,14,8
11,18,1,2,7,14,12,13,3,6
11,18,17,11,18,9,2,14,12,13,6,10
1,2,7,14,8,3,6,1,18
1,3,6
11,18,17
6,17,11,18
11,18,9,2,14,20,8,10
16,17,1,3,6,1,3,6
8,10,1
11,18,1,2,14,20,8,10,1,2,7,12,13,4
1,2
17,11,18,9,2,7,12,13,3,6
20,13,3,6
16,6,3,6,3
1,2,6,1,3,6,1,3,6,1,18,3,6,1,3,6,1,18
3,8
6,1,3,8,10
11,18
16,6,3,6,1,3,6
16,6,16,17,11,18
3,8,10
17,11,18,9,2,14,13,12,13,2,7,14,8,10
16,6,3,6,3,6,3,7,8
11,18
16,6,1,3,6
14,13,2,7,14,12,13
1,3,6,1,3,17
16,6,3,6
17,6,1,2,7,8,10,1,2,14,12,13
1,3,6,1,2,7,14,8,10
16,6,5,1,3
16,6,3,6,3,6,3
16,1,3,6,1,3,6,1,3,6
17,6,5,1
11,18,17
16,17,11,18,17,1,2,14,8,10,1,2
1,3,14,12
1,2,7,14
17,11,18,9,2,7,14,13,3,6
6,1,3,6,1
18,2,7,14,13,12,13,3
17,11,18,9,2,14,20,8,10
6,3,6,1
3,6
3,8,10
16,6,5,1,3,6,1,3
11,18,1,2,7,14,20,8,10
17,11,18,9,2,14,12,13,2,7,8,10
6,1,3,8
11,18,9,2,14,20,8,10
17,11,18,9,2,14,8
3,6
17,11,18,9,2,14,12,13,2,7,8,10
3,6
13,12,3
16,17
17,11,18,1,2,6,1,3,6,1,18,3
2,7,14,8
6,3,6
1,3,6,1,3,6,3,6
11,18,17
3,8,10
1,3,6,1,3
6,1
2,3
3
20,13,12,8,10
17,11,18,9,2
6,1,3,6,1,3,8,10
13,12,3
3,6
13,3,6
17,11,18,17,1,2,7,8,10
16,6,3,6
16,17,16,6,1,3,6
14,12,13
16,6,1,3,6,3,6,5,1,3,6,1,2,7,8,10
16,6,3,6,3
11,18,1,2,7,12,13,3,6,1,18
16,17,11,18,9,2,14
11,18,15,19,17,11,18,9,2,7,12,13,6
11,18,17,11,18,9
17,11,18,9,2,14,8
6,3,8,10
17,1,2,14,20,8,10
16,6,5,1,3,6,1,18,3,6
1,2,14,13,3,6,1,18,3
1,2
11,18
1,6
11,18,17,11,18,2,14,12,13,3
17,11,18,19,17,11,18,9,2,14,8,13,12,13,6
11,18,9,2
3,8,10
18,3,6,1,2,7,12
16,6,1,3,6
5,1
17,11,18,9,2,14,8,10,1
3,8
11,18,17,11,18,9
17,11,18,9,2,14,13
6,1,3,8
2,7,14,8,10
16,6,3,1,3,6,3
1,2,14,13,2,7,3,6,1,2,14,8,10
1,3,6,1,3
15,16,6,16
6
11,18,17
17,11,18,9,2,7,14,8,10
1,6,1,3,6,1,18,3
1,2,6,1,3,6,1,3,6,1,18,3
16,6,1,16
15,1,2,3,6,1,18,9,2,7,12,13,4,6,1
1,3,6,1
16,5,1,3,6,1,3,6
11,18,9,2
17,11,18,17
17,11,18,9,2,14,8,10,1
6,1,3,6
2,3,8
6,1,3,6,3,6,3,6,3,8
1,2,6,1,3,6,3
2,14,20,13,3
11,18,17,11,18,9,2,14,8,10
11,18,9,2,7,12,13,4,13
6,3,6,3,7,8,10
1,2,1,3,6,1
17,1,2,7,14,12,13,4,6,1,2,14,8,10
17,11,3,6,1,3,6,1,3
3,6,3,6
11,18,17
2,7,12,13,3,8
3,6,1,3,6,1,18,3,6
11,18,3,6,1,3,17,11,18
16,6,1,3,6
11,18,9,2,7,12,13,4,6
1,2,7,14,8,10
16,6,1,3
11,18,17,1,3,6
1,2,7,14,13,12,13,4,6
16,6,1,2,3
16,17,11,18,9,2,14,8,10,1,2,7,12,13,4
8,10
16,17,11,18,9,2,7,14,8,10,1,2
2,7,14,13,2,7,3
6,1,3,6,3
18,19,9,2
11,18,3,6
6,3,6,3
11,18,17,11,18,9,2,7,12,13,3
16,17,11,18,17,11,18,9,2,14,20,17,15,10
11,18,1
17,11,18,3,8
16,6,1,2,3
1,2,7,14,13,2,7,8,10
6,5,1,2,7,14,20,8,10
17,11,18,9,2,7,14,8
6,1,2,7,12,3,6
6,3
5,1,3,6
16,5,1,3,6,3,7,12,13
16,6,1
3,6
1,6,17
1,6
17,11,18,9,2,14,20,8,10
1,3
16,6,1,3,6,3
11,18,1
11,18,17,11,18,9,2,7,8,10,1
16,17,11
16,1,3,6
3,14,12,13
17,11,18,9
17,11,18,3,6,1,3,6,1,18,3
18,9,2,7,14,8
1,3,6,3,6,3
11,18,1,3,6
11,18,1,2,14,20,13,12,13,3,6
7,8,10
11,18,1,2,7,12,13,3
17,1,2,7,14,13,3,6
15,1,2,14,20,8,10,15
3,17,11
3,6
1,6
2,7,12,8,10
1,2,7
1,2,7,14,8,10
1,3,6,1,3,6
5,1,3,6,1,3,6
17,11,18,9,2
5,6,1,3,6,3,1,18
17,11
17,11,18
6,1,3
2,7,14,8,10
16,6
16,6,1,3,6,3
17,11,18,3,6,1,3
6,3
17,11,18,9,2,7,8,10
6,1,3,6,3,8,10
11,18,17,11,18,19
3,6
1,2
16,5
6,1
6,5,6,1,3,6,3,6,1,3
1,6,1
3,6
11,18,9,17,11,18,9,2,7,12,13,4,6
11,18
10,1
17,1,2,14,8,10
16,17,11,18,1
17,1,3
5,1,3,6,1,2,7,14,12,13
16,6,3,6
6,16,17
16,17,1,6,1,3,6,1
3,6
17,11,18,9,2,14,12,13,2,7,3,6,1
2,14,8
6,1,3,6,3
1,2,7,14
15,1,3,6,16,5,6,3,2
1,2,6,1,3,6,1,18
16,17,11,18,19,17,11,18,9,2,14,12
3,6,1,3,6,3
15,16,17
17,16,17
11,18,17,1,2,14,8,10
16,6,1
16,1,6
13,3,6
16,6,1,3,6,1,3,6,1,18,3
1,2,7,14,8,10
2,14,8
1,2,6
11,18
6,1
16,6,3,6,3
14,8,3,6
2,7,14,8,10
6,1
6,5,1,3,6,1,3,6
2,7,13,12,13,4,13
6,3,6,3
14,8,10
16,6,3
17,11,18,9,2,14,13,2,7,3
2,17,1,3,6,1,18,3,6,1,2,7,8,3
6,1,3,6,3,6
11,18,17,1,2,7
9,2,7,8,10
13,6,3
17,1,3,6,1,3,6,1,3,6,1
16,6,1,3,6,3
16,17,11,18,3,6,1
2,6
17,11,18,17
16,6,1,3
6,3,6
16,6,1
17,1,3,6,5,1
2,7,8,10
16,17,16,6,3,6,1,3,6
13,2,7,14,8,10
16,6,1,3,6,1,3,6,3
1
17,15,19,16,6,1,3,6,1
17,16,1,2,14
11,18,9
6,3,6
11,18
14,12,13
17,11,18,9,2,14,20,8,10
1,2,3,6,1,18,3
1,2,6,1,3,6,1,3,6,1,2,7,14
3,6
6,16,19
6,1,3,6,1,18,3,8,12
16,6,16,6,3,6,3,6
1,3,6,3
1,2,7,12
16,6,1,2,3,6
1,2,14,8,10,1,2,7,12,13,6
1,19
17,1
16,6,1,3,6,1,3,6,1,18,3
6,5
3,8,10
16,17,11,18,1,3,6,5,3
11,18,17,1,3,6
16,17
1,2,7,14,13,12,13,3,6,1,18,3,8,10
6,1
16,6,3
6,16,6,1,3
1,2,7
5,6,1,3,6,1,3,6,10,15
17,11,18,9,2,14,8,10
17,11,18
17,11,18,9,2,7,12
3,6,1,2,7,12,13,3
16,17,11,18,1,2,6,1,3,6
11,18,9,2,14,20,13,12,8,10
6,3,8
14,8,10
6,1,17,1,6,1,3,6,1,3,6,3
11,18,17
3,8
6,3
11,18,17,11,18,19,1,2,14,12
11,18,17
1,3,6,1,3,6,3,8,10
11,18,17,11,18,9,2,14,20
1,2,3,6
11,18,17,16,5,1,2,17,1,6,1,3,6,3
3,16,6
3
1,2,14,13,3,6,1,18
6,3,6,3,6,3,6,3
16,6,3,6,3
17,11,18,9,2,14,12,13,3,6,1,2,7,12
11,18,3
16,17,11,18,3,6,1,2,7,12,13,4,13,3
9,2,7,8,10,1,3,6
6,1,6,1,3,6,3
1,3,6
13,2,7,14,13,3,6,1,18
2,14,8,10
6,1,3,6
17,11,18,9,2,14,12
16,6
3,6
16,5,6,1,3,6
17,11,18,17,1,2,7,14,8,10
1,2,14
6,5,1,3
6,3,6,3,6
17,11,18,9
6,3,6,3,8,10
2,14,13,4,6
1,2,7,11,3
6,11,18
16,6,1,17
11,18,9,2,7,8,10,1,2,7,3,6
20,17,10
11,18
17,11
