9,12,6,12,6,12,6,12,6,5,6,5,13,5,13,12,13,12,13,12,9,12,9,12,9,12,8,6,13,12,9,12,9,12,9,12,6,12,6,12,6,12,6,12,6,12,6,5,6,5,13,5,13,9,13,3,13,4,13,4,13,7,13,4,6,13,4,3,5,8,10,12,0,13,12,13,12,13,12,13,12,13,12,13,12,13,12,13,7,13,12,7,13,6,7,1,7,1,7,13,7,13,1,13,1
12,11,12,11,12,0,12,0,12,0,12,0,13,12,13,7,13,12,13,12,13,12,13,12,13,12,13,12,13,12,13,12,13,12,13,12,0,12,13,12,13,12,13,12,13,7,1,7,13,7,13,1,7,1,7,1,0,13,12,13,12,13,12,13,12,13,12,7,1,0,7,0,7,13,7,13,1,0,13,1,0,1
4,3,4,3,4,3,4,3,4,3,4,3,4,13,4,3,4,5,4,0,13,7,13,7,0,7,1
4
0,13,6,13,6,13,6,13,6,13,6,5,6,5,13,5,13,1,13,1,0,13,12,13,12,13,12,13,7,13,7,0,7,0,13,7,1,7,13,7,13,7,13,1,13,1,5,8,1,8,7,1,8,13,8,1,8,3,8,6,3,8,3,4,8,3,1,3,4,3,10,7,10
7,8,9,8,9,11,13,7
8,13,4,6,13,4,8,4,8,4,8
12,11,0,11,0,11,12,11,12,0,12,11,12,11,12,0,12,0,11,0,12,0,13,0,13,7,13,7,13,0,7,0,13,7,0,1,7,13,7,13,1,13,1,13,1,0,13,1,13,1,13,1,0,1,0,1,0
0,12,11,12,0,12,0,12,0,12,0,1,0,1,13,0,13,7,13,7,13,1,13,1,13,1,0,13,0,13,0,13,12,13,7,13,7,0,7,1,7,13,7,5,6,5,7,5,13,5,13,1
12,11,12,11,9,11,12,9,12,9,12,9,12,6,12,6,12,6,12,6,12,6,12,6,12,6,12,6,12,6,12,6,12,6,12,6,12,6,12,6,12,6,12,5,13,5,13,12,13,12,13,12,9,12,9,12,9,12,9,12,9,12,9,12,6,12,6,12,6,12,6,5,6,5,4,5,3,5,13,5,13,5,13,12,13,4,6,13,12,13,12,13,4,6,4,13,4,13,4,3,4,3,4,3,4,3,13,4,3,8,3,8,13,3,0,10,12,10,12,10,12,10,12,0,13,7,13,7,6,5,7,6,5,13,5,13,1
9,12,11,12,11,0,11,12,9,13,6,9,6,5,6,5,1
1,13,6,13,6,13,6,13,6,5,6,5,13,5,13,1,0,1,0,1,0,13,1
0,12,11,12,11,12,11,12,11,0,12,0,12,0,12
6,5,6,5,13,5,13,9
1,0,1,13,1,0,13,0,13,7,13,7,13,7,13,7,6,5,7,6,5,13,5,13,1,0,7,1,0,1,0,13,7,13,1,13,7,1,7,1,7,1,7,13,1,13,1,0,13,1,13,1,0,1
0,12,11,12,0,12,0,12,0,13,1,0,13,1
3,11,13,7,13,7,3,7,13,7,13,7,13,7,13,7,13,4,6,13,4,3,4,1,3,13,1,3,7,1,3,1
8,12,8,12,8,12,8,9,8,9,12,8,6,8,13,12,10,12,13,12,9,13,0,13,1,0,13,7,6,5,7,5,13,5,13,1
0,12,11,12,11,12,11,12,0,12,0,12,0,13,7,13,7,13,7,0,7,0,7,13,7,1,7,13,1,0,13,0,13,12,13,7,0,7,0,7,1,7,13,7,13,1,0,13,1,13,1
0,12,0,12,0,12,0,12,0
0,13,1,13,7,1,2,11,13
1,13,1,13,7,13,0
0,12,0,12,0,12,0,12,0,13,1,13,7,1,2,11,13,0,10,4,6,4
13,7,13,4,6,13,4,13,4,13,4,3,4,3,4,3,4,13,3,4,13,3,10,3,1,7,13,0,13,1,13,1
9,8,13,9,6,5,6,5,13,5,0,5,13,5,13,1,0,12,0
12,11,12,11,12,11,12,11,0,11,12,11,12,11,12,11,12,0,12,13,0,13,7,0
12,11,12,11,12,11,12,0,12,0,12,0,13,7,13,7,13,1,7,1,0,1,0,13,1,7,0,13,1,0,10,0,7,10
0,7,13,7,13,1,0,13,7,5,7,5,13,5,13,6,0
12,6,12,9,6,12,6,12,6,5,6,4,6,5,13,5,13,4,6,13,4,13,4,3
13,9,7,9,8,9,6,13,6,5,6,5,13,5,13,6,13,7,13,7
0,12,11,12,11,12,11,12,0,12,0,12,0,12,0,12,0,7,13,0,13,7,1,7,13,1,13,1,0,1,0,13,1,13,1,13,1
1,13,1,0,13,0,13,0,13,1,13,1,13,1,13,1,0,1,3,1,3,0,13,1,3,13,11,2,11,12,11,12,11
12,11,12,0,12,11,12,0,12,0,13,1,13,1,0,1,13,1,2
0,12,0,12,0,13,1,0,1,13,1
9,8,9,6,5,13,5,13,9,6,5,13,5,13,9,13,9,13,4,6,13,4,13,4,13,11,2
1,13,1,13,1,0,1,0,13,0,13,7,6,7,13,7,13,7,13,7,13,6,5,13,6,5,13,5,13,1
0,13,1,13,1,0,13,1,0,13,1
7,13,7,13,1,0,12,11,0,12
4,3,4,3,5,10,2,5,10,11,2,11
13,12,7,12,9,12,9,12,9,8,9,12,13,12,13,6,13,7,13,12,7,13,7,13,1,13,1,0,13,7,13,4,6,13,4,3,4,3,4,7,3,7,3,1,3,11,3,4,3,2,11,4,3,13,0,11,13,7,13,7,13,4,6,13,4,13,4,3,4,1,4,3,4,1,4,3,4,3,1,3,1,3,1,3,13,1,3,7,1,4,1,0,13,0,13
0,12,0,12,0,12,0,12,0,12,0,1,0,1,0,13,0,13,1
6,5,6,5,13,5,13,9,6,9,12,9,6,5,6,5,13,5,13,9,3,13,4,6,4,3,4,3,13,3,5,3,5,4,3,2,11,2,11,13,7,13,7,10,7,3,13,6,11,3,6,13
13,6,5,6,5,13,5,13,6,13,7,13,7
13,7,13,7,13,7,13,12,13,4,6,13,4,3,4,3,4,3,4,13,3,7,5,1,3,1,3,4,13,3,13,1,0,1,0,1,0
12,11,12,11,12,9,12,9,12,9,12,9,12
3,7,13,7,13,7,13,7,13,7,13,7,13,4,6,13,4,3,4,3,0,13,7,0,13,0,13,7,0,7,0,1,7,13,7,1,7,13,1,0,1,0,13,7,5,13,6,7,5,13,5,13,1,13,1,0,1,0
6,13,6,5,6,5,13,5,13,12,13,12,13,12,13,6,13,6
9,6,5,6,5,13,5,13,5,13,5,13,9,12,9,6,5,6,5,13,5,13,6,13,6,4,6,13,6,4,9,4,1,13,10,4,10,11,10,13,10,13,10,13,10,6,10,9,13,12,11,6,12
7,13,7,13,4,6,13,4,13,4,3,4,8,4,8,10,13,1,10,7,13,1,13,1,0,13
12,11,12,0,12,11,12,9,8,9,12,0,12,0,7,0,13,7,13,7,13,1,0,13,7,13,7,13,7,13,7,13,12,13,12,13,12,13,12,13,12,13,12,13,12,13,0
